0 -24000
1 -16200
2 8100
3 -24000
4 16200
5 -32000
6 -24000
7 8100
8 16200
9 8100
10 -32000
11 -24000
12 8100
13 24000
14 -24000
15 16200
16 8100
17 -24000
18 8100
19 -24000
20 -24000
21 8100
22 32000
23 8100
24 -32000
25 -24000
26 16200
27 -24000
28 -24000
29 24000
30 -8100
31 8100
32 -32000
33 32000
34 -16200
35 16200
36 16200
37 8100
38 -32000
39 -24000
40 24000
41 -32000
42 -24000
43 8100
44 -8100
45 -24000
46 24000
47 8100
48 -24000
49 8100
50 24000
51 -24000
52 32000
53 -8100
54 -24000
55 -16200
56 -8100
57 -24000
58 24000
59 16200
60 -24000
61 -16200
62 -16200
63 -24000
64 8100
65 24000
66 24000
67 -24000
68 -24000
69 16200
70 24000
71 24000
72 24000
73 -24000
74 -8100
75 32000
76 -24000
77 24000
78 8100
79 -24000
80 16200
81 -32000
82 24000
83 -8100
84 -24000
85 32000
86 24000
87 24000
88 8100
89 -24000
90 24000
91 16200
92 -24000
93 8100
94 8100
95 -24000
96 -24000
97 -24000
98 24000
99 -32000
100 -24000
101 -8100
102 32000
103 -24000
104 24000
105 32000
106 24000
107 8100
108 -24000
109 24000
110 24000
111 24000
112 -8100
113 -24000
114 24000
115 -8100
116 16200
117 24000
118 -24000
119 8100
120 24000
121 24000
122 -32000
123 -24000
124 24000
125 -16200
126 -24000
127 -8100
128 24000
129 -24000
130 16200
131 8100
132 -24000
133 16200
134 -24000
135 -24000
136 8100
137 24000
138 24000
139 -8100
140 -24000
141 32000
142 16200
143 24000
144 12000
